0	32	1
0	93	0
0	59	1
0	101	1
0	34	1
0	15	1
0	30	0
0	45	1
0	76	0
0	55	0
0	89	0
0	74	0
0	62	0
0	22	1
0	10	0
0	41	1
0	60	1
0	44	0
0	57	0
0	71	0
0	24	0
0	81	0
0	85	1
0	9	1
0	29	0
0	72	0
0	4	0
0	7	0
0	58	0
0	23	0
0	79	1
0	86	1
0	98	1
0	21	0
0	75	0
0	46	1
0	8	1
0	47	1
0	94	0
0	54	0
0	28	1
0	3	0
0	1	1
0	92	1
0	52	1
0	26	0
0	70	0
0	40	1
0	69	1
0	66	1
1	61	1
1	11	1
1	4	0
1	89	0
1	60	0
1	73	1
1	0	0
1	83	1
1	47	1
1	14	1
1	43	0
1	64	1
1	45	1
1	82	0
1	2	0
1	59	0
1	32	1
1	86	1
1	24	0
1	66	1
1	100	1
1	97	0
1	33	0
1	75	0
1	65	1
1	23	0
1	3	1
1	7	1
1	28	0
1	40	0
1	16	0
1	99	1
1	30	0
1	15	1
1	98	1
1	71	0
1	36	1
1	31	0
1	38	0
1	62	1
1	72	1
1	46	0
1	94	0
1	81	0
1	54	1
1	53	0
1	37	1
1	39	0
1	8	0
1	12	0
2	67	0
2	19	0
2	61	1
2	34	1
2	64	1
2	86	0
2	3	0
2	58	0
2	89	1
2	81	1
2	83	0
2	92	1
2	69	1
2	72	1
2	10	1
2	91	1
2	25	0
2	15	1
2	29	0
2	70	0
2	68	1
2	32	0
2	24	0
2	17	1
2	21	1
2	38	1
2	77	1
2	42	1
2	46	1
2	95	1
2	75	0
2	56	0
2	45	0
2	54	0
2	55	1
2	2	1
2	90	1
2	62	1
2	47	0
2	23	1
2	63	0
2	53	1
2	59	1
2	74	1
2	9	0
2	1	0
2	52	0
2	73	0
2	26	1
2	71	1
3	36	0
3	65	0
3	76	1
3	77	1
3	95	0
3	99	0
3	10	0
3	91	1
3	81	1
3	14	0
3	1	0
3	73	0
3	89	0
3	43	0
3	27	0
3	44	0
3	92	0
3	78	0
3	23	1
3	16	0
3	29	1
3	66	0
3	86	0
3	15	0
3	69	0
3	51	1
3	35	0
3	75	0
3	18	0
3	56	0
3	28	0
3	9	1
3	3	1
3	97	1
3	6	1
3	53	1
3	49	0
3	70	0
3	85	1
3	7	0
3	54	1
3	62	0
3	12	1
3	80	1
3	32	0
3	90	1
3	39	1
3	46	1
3	57	1
3	100	0
4	57	1
4	59	1
4	81	1
4	29	1
4	21	1
4	47	1
4	76	1
4	63	1
4	42	1
4	94	0
4	50	0
4	82	1
4	43	0
4	96	0
4	4	1
4	2	1
4	74	1
4	14	0
4	79	0
4	35	0
4	25	1
4	15	0
4	30	1
4	77	1
4	56	0
4	0	1
4	80	1
4	1	0
4	23	1
4	65	0
4	44	0
4	3	1
4	17	1
4	8	1
4	31	1
4	85	1
4	99	0
4	46	1
4	58	1
4	22	0
4	16	0
4	12	1
4	95	0
4	100	0
4	9	1
4	61	0
4	5	0
4	97	1
4	86	0
4	52	0
5	95	0
5	18	0
5	10	0
5	67	0
5	7	0
5	21	1
5	63	0
5	84	1
5	3	0
5	17	0
5	65	1
5	23	0
5	41	0
5	75	0
5	37	1
5	58	0
5	25	1
5	42	0
5	80	0
5	12	0
5	70	0
5	62	0
5	34	1
5	36	1
5	6	1
5	71	0
5	9	1
5	11	0
5	30	1
5	19	0
5	92	0
5	89	0
5	76	1
5	24	0
5	20	0
5	50	0
5	83	1
5	5	1
5	96	1
5	39	1
5	93	0
5	49	0
5	87	1
5	86	1
5	52	1
5	59	1
5	27	1
5	85	1
5	100	0
5	73	1
6	42	1
6	10	1
6	25	1
6	6	1
6	77	1
6	36	0
6	72	1
6	65	1
6	96	0
6	29	1
6	48	0
6	99	0
6	70	0
6	53	1
6	18	1
6	55	1
6	37	0
6	75	0
6	27	0
6	98	0
6	59	1
6	33	1
6	39	1
6	91	1
6	64	1
6	49	0
6	84	1
6	57	1
6	20	1
6	9	1
6	85	1
6	7	1
6	67	0
6	44	1
6	21	1
6	28	0
6	30	1
6	83	0
6	87	0
6	8	1
6	76	1
6	47	0
6	50	0
6	16	0
6	32	0
6	89	0
6	61	1
6	90	1
6	24	0
6	5	0
7	3	1
7	42	0
7	16	1
7	29	0
7	41	1
7	61	0
7	75	1
7	18	1
7	62	1
7	37	0
7	31	1
7	15	0
7	45	1
7	27	0
7	20	1
7	11	1
7	23	1
7	48	1
7	39	0
7	30	0
7	86	1
7	85	1
7	78	0
7	71	1
7	72	0
7	26	0
7	79	0
7	25	0
7	34	1
7	80	0
7	28	0
7	67	1
7	5	1
7	59	1
7	58	1
7	70	1
7	82	1
7	47	1
7	68	0
7	98	1
7	38	1
7	32	0
7	65	1
7	43	1
7	100	1
7	54	1
7	36	0
7	21	0
7	81	0
7	44	1
8	24	0
8	0	1
8	20	0
8	97	1
8	94	1
8	98	1
8	89	0
8	7	1
8	3	0
8	52	1
8	67	0
8	18	1
8	13	0
8	69	1
8	32	0
8	43	1
8	21	1
8	46	1
8	15	1
8	80	1
8	14	0
8	91	1
8	65	0
8	42	0
8	5	0
8	55	0
8	48	1
8	10	1
8	66	1
8	60	1
8	36	0
8	11	1
8	34	1
8	16	0
8	9	1
8	12	1
8	27	1
8	35	0
8	68	1
8	6	0
8	29	1
8	38	0
8	4	0
8	100	0
8	92	1
8	26	0
8	58	1
8	63	1
8	71	0
8	75	0
9	62	1
9	17	0
9	16	1
9	98	1
9	79	1
9	49	0
9	28	1
9	85	1
9	27	0
9	84	1
9	43	0
9	60	1
9	64	0
9	18	1
9	78	0
9	30	1
9	70	0
9	94	0
9	38	0
9	48	1
9	15	0
9	76	0
9	7	1
9	75	1
9	9	1
9	93	1
9	67	1
9	5	1
9	100	0
9	77	0
9	55	0
9	92	0
9	82	0
9	95	1
9	45	1
9	69	1
9	4	0
9	101	1
9	29	0
9	96	1
9	35	1
9	87	0
9	23	1
9	6	0
9	14	0
9	11	1
9	53	0
9	72	1
9	51	0
9	40	0
10	15	1
10	45	0
10	13	0
10	68	0
10	33	1
10	14	0
10	19	0
10	29	0
10	44	0
10	35	0
10	6	0
10	12	1
10	65	0
10	18	0
10	55	1
10	95	0
10	59	1
10	49	1
10	89	1
10	47	1
10	27	1
10	57	0
10	76	0
10	75	1
10	71	0
10	28	1
10	51	0
10	3	1
10	90	0
10	97	1
10	38	1
10	91	1
10	50	0
10	88	0
10	70	0
10	92	0
10	5	0
10	37	0
10	24	1
10	34	1
10	36	1
10	69	0
10	32	0
10	67	0
10	2	1
10	100	1
10	80	0
10	7	1
10	58	1
10	56	0
11	27	0
11	24	0
11	36	0
11	16	0
11	50	0
11	34	0
11	13	0
11	75	0
11	38	1
11	28	1
11	15	0
11	95	0
11	81	1
11	25	1
11	31	1
11	11	0
11	77	1
11	35	0
11	99	0
11	18	1
11	52	0
11	62	0
11	46	1
11	53	0
11	89	1
11	78	0
11	87	0
11	82	1
11	3	1
11	20	0
11	45	0
11	96	0
11	91	1
11	22	1
11	79	1
11	19	0
11	42	1
11	94	0
11	9	1
11	80	0
11	40	1
11	44	0
11	67	0
11	2	0
11	90	1
11	98	1
11	6	1
11	63	1
11	29	0
11	33	0
12	87	0
12	49	0
12	22	0
12	73	0
12	32	0
12	92	0
12	29	1
12	86	1
12	58	0
12	63	1
12	79	0
12	98	0
12	39	1
12	94	1
12	34	0
12	24	0
12	19	1
12	4	1
12	52	0
12	60	1
12	9	1
12	64	1
12	76	1
12	44	1
12	80	1
12	10	0
12	78	1
12	6	1
12	70	1
12	14	1
12	7	0
12	35	1
12	59	1
12	83	0
12	85	0
12	62	0
12	8	1
12	90	1
12	61	0
12	65	1
12	54	0
12	66	0
12	89	1
12	71	0
12	30	1
12	51	1
12	13	1
12	16	0
12	72	1
12	25	1
13	21	1
13	60	1
13	6	1
13	24	1
13	44	0
13	35	0
13	8	1
13	70	0
13	57	1
13	0	0
13	33	0
13	80	1
13	29	1
13	32	0
13	27	0
13	94	0
13	23	1
13	22	0
13	65	0
13	101	1
13	10	0
13	93	1
13	90	0
13	36	0
13	56	0
13	11	0
13	15	0
13	9	1
13	66	0
13	72	1
13	89	0
13	16	0
13	73	0
13	68	1
13	79	0
13	46	1
13	17	1
13	38	0
13	88	1
13	54	1
13	78	0
13	2	1
13	40	1
13	75	1
13	98	0
13	61	0
13	31	1
13	92	0
13	63	1
13	95	0
14	23	1
14	92	1
14	50	1
14	74	1
14	80	0
14	39	0
14	36	1
14	91	1
14	96	0
14	57	0
14	79	0
14	82	1
14	37	1
14	16	0
14	30	1
14	13	0
14	66	0
14	48	1
14	46	1
14	33	1
14	25	0
14	54	1
14	76	0
14	100	0
14	7	1
14	49	0
14	1	0
14	90	0
14	47	1
14	68	1
14	3	1
14	21	1
14	63	1
14	22	0
14	77	1
14	0	1
14	89	1
14	58	1
14	64	0
14	14	0
14	44	1
14	6	0
14	88	1
14	35	0
14	98	1
14	70	0
14	43	0
14	24	0
14	10	0
14	53	1
15	16	1
15	44	0
15	3	0
15	79	0
15	41	1
15	35	0
15	2	1
15	42	1
15	43	0
15	85	1
15	98	0
15	75	0
15	59	0
15	12	1
15	94	0
15	55	1
15	60	0
15	40	0
15	56	0
15	9	0
15	50	0
15	64	0
15	18	0
15	11	0
15	70	0
15	82	0
15	83	0
15	74	1
15	65	1
15	57	1
15	91	0
15	45	0
15	97	0
15	93	1
15	92	1
15	37	1
15	21	1
15	28	0
15	4	1
15	72	1
15	49	0
15	0	1
15	71	1
15	80	1
15	13	0
15	96	0
15	54	0
15	67	1
15	22	0
15	38	0
16	72	0
16	1	0
16	60	1
16	89	0
16	90	0
16	16	1
16	10	1
16	25	1
16	66	0
16	81	0
16	23	1
16	55	1
16	76	1
16	53	0
16	45	0
16	98	1
16	46	1
16	59	0
16	42	0
16	40	1
16	14	0
16	0	1
16	100	1
16	54	1
16	33	1
16	57	1
16	7	0
16	80	1
16	36	0
16	47	1
16	51	1
16	31	0
16	27	0
16	73	0
16	44	1
16	39	0
16	79	0
16	86	1
16	12	0
16	92	0
16	15	0
16	49	1
16	84	1
16	75	1
16	32	0
16	11	0
16	37	1
16	13	0
16	2	0
16	67	1
17	15	0
17	2	1
17	29	1
17	91	1
17	93	0
17	39	0
17	99	0
17	95	0
17	41	1
17	67	0
17	84	0
17	92	1
17	46	1
17	9	1
17	26	1
17	49	0
17	4	1
17	57	1
17	27	0
17	23	0
17	36	0
17	60	1
17	56	0
17	31	1
17	43	0
17	71	1
17	13	1
17	79	0
17	37	1
17	96	0
17	86	1
17	24	0
17	68	1
17	61	0
17	52	0
17	77	1
17	7	0
17	90	0
17	54	0
17	11	0
17	82	1
17	6	1
17	64	1
17	97	1
17	94	0
17	19	0
17	63	0
17	35	1
17	80	1
17	1	0
18	59	0
18	76	0
18	58	1
18	22	0
18	72	1
18	12	0
18	73	0
18	17	0
18	49	0
18	6	1
18	44	0
18	19	1
18	45	0
18	68	0
18	63	0
18	65	1
18	70	1
18	62	0
18	27	0
18	29	0
18	83	0
18	99	1
18	60	0
18	23	0
18	11	0
18	87	1
18	0	1
18	33	1
18	41	1
18	46	0
18	25	0
18	77	1
18	10	0
18	24	1
18	54	1
18	74	0
18	5	0
18	84	1
18	82	0
18	32	0
18	53	1
18	95	0
18	61	0
18	86	1
18	78	0
18	36	1
18	52	0
18	20	0
18	64	1
18	15	1
19	81	1
19	26	0
19	58	0
19	89	1
19	71	0
19	24	0
19	50	0
19	2	0
19	73	0
19	93	1
19	59	1
19	17	1
19	65	0
19	8	1
19	27	1
19	11	0
19	28	1
19	92	0
19	60	1
19	30	1
19	39	0
19	55	0
19	19	0
19	57	1
19	62	0
19	96	1
19	79	1
19	35	1
19	75	0
19	37	0
19	14	0
19	42	1
19	86	1
19	83	1
19	44	0
19	94	1
19	72	0
19	95	0
19	48	0
19	34	1
19	13	1
19	91	1
19	100	1
19	98	1
19	56	1
19	6	1
19	31	1
19	5	1
19	97	0
19	101	0
20	29	1
20	61	0
20	65	1
20	5	0
20	85	0
20	96	1
20	3	0
20	11	1
20	49	0
20	64	1
20	50	1
20	89	0
20	16	1
20	15	1
20	30	0
20	60	0
20	78	1
20	66	1
20	20	0
20	79	1
20	34	0
20	62	1
20	32	0
20	19	1
20	75	1
20	9	0
20	36	1
20	21	0
20	72	0
20	39	0
20	76	1
20	80	1
20	35	1
20	53	0
20	14	1
20	28	1
20	57	1
20	42	1
20	7	1
20	74	1
20	43	0
20	38	0
20	86	1
20	44	1
20	68	0
20	12	1
20	33	0
20	69	1
20	13	1
20	31	1
21	45	1
21	12	1
21	60	1
21	20	0
21	91	1
21	37	0
21	55	0
21	71	0
21	100	0
21	73	1
21	72	0
21	2	0
21	48	1
21	67	0
21	87	1
21	46	1
21	54	0
21	8	1
21	50	1
21	23	0
21	92	1
21	53	0
21	59	1
21	77	0
21	33	1
21	38	0
21	6	0
21	43	0
21	61	0
21	97	1
21	22	1
21	17	0
21	56	1
21	83	1
21	70	0
21	99	1
21	68	0
21	88	0
21	98	1
21	75	0
21	80	0
21	25	0
21	62	0
21	52	1
21	93	0
21	1	1
21	65	0
21	9	1
21	35	1
21	16	0
22	53	0
22	81	0
22	73	1
22	11	1
22	61	1
22	92	1
22	78	1
22	94	0
22	95	0
22	91	0
22	12	0
22	98	1
22	34	0
22	55	0
22	64	1
22	29	0
22	24	0
22	86	1
22	96	1
22	45	1
22	31	0
22	27	1
22	57	0
22	30	0
22	99	1
22	59	0
22	39	0
22	35	1
22	3	1
22	48	1
22	22	1
22	42	1
22	18	1
22	79	0
22	89	0
22	8	0
22	26	1
22	56	1
22	32	1
22	25	0
22	21	1
22	77	1
22	70	1
22	33	0
22	10	1
22	47	1
22	82	0
22	15	1
22	37	1
22	17	0
23	41	1
23	68	1
23	96	0
23	77	1
23	23	1
23	31	1
23	13	1
23	86	0
23	40	1
23	0	0
23	24	0
23	10	1
23	54	0
23	72	1
23	29	0
23	98	0
23	17	1
23	69	1
23	32	0
23	97	1
23	52	0
23	83	0
23	87	0
23	95	1
23	90	1
23	22	0
23	26	1
23	6	1
23	61	1
23	16	0
23	15	1
23	84	0
23	78	0
23	14	1
23	1	0
23	75	0
23	99	1
23	47	0
23	63	0
23	45	0
23	8	1
23	82	1
23	80	0
23	92	1
23	91	1
23	81	1
23	48	1
23	88	1
23	9	0
23	4	1
24	44	0
24	76	1
24	9	1
24	39	1
24	55	1
24	90	1
24	38	0
24	29	1
24	73	0
24	26	1
24	66	0
24	51	1
24	79	0
24	93	1
24	95	0
24	61	0
24	34	1
24	23	1
24	32	0
24	0	1
24	97	1
24	72	1
24	80	1
24	96	0
24	7	0
24	98	0
24	65	0
24	33	1
24	41	0
24	94	0
24	2	1
24	82	1
24	42	1
24	74	1
24	28	0
24	27	0
24	92	0
24	85	1
24	58	0
24	3	1
24	10	0
24	47	0
24	43	0
24	100	0
24	31	1
24	78	0
24	77	1
24	86	0
24	59	1
24	84	1
25	39	1
25	15	0
25	29	1
25	93	1
25	76	1
25	40	1
25	92	0
25	44	0
25	11	0
25	63	1
25	82	1
25	83	0
25	12	1
25	78	0
25	73	0
25	86	0
25	100	0
25	62	0
25	5	0
25	55	1
25	96	0
25	24	0
25	8	1
25	13	1
25	18	0
25	22	0
25	33	1
25	69	0
25	42	1
25	58	1
25	10	0
25	41	0
25	98	1
25	70	1
25	89	0
25	65	0
25	90	1
25	88	0
25	7	1
25	91	1
25	26	1
25	9	1
25	67	0
25	87	0
25	35	0
25	60	1
25	97	1
25	30	1
25	6	1
25	31	1
26	33	1
26	101	0
26	26	1
26	56	1
26	66	0
26	80	0
26	83	1
26	24	0
26	29	0
26	79	0
26	69	0
26	52	1
26	2	0
26	90	1
26	23	0
26	32	1
26	13	1
26	28	0
26	77	1
26	88	1
26	85	1
26	12	0
26	54	0
26	73	1
26	86	1
26	89	0
26	100	0
26	17	0
26	64	1
26	10	0
26	68	0
26	53	0
26	65	1
26	0	1
26	20	0
26	57	1
26	95	0
26	22	1
26	30	1
26	38	0
26	25	1
26	36	1
26	60	1
26	81	1
26	98	0
26	99	1
26	76	1
26	18	0
26	48	1
26	14	1
27	68	1
27	20	1
27	41	0
27	33	1
27	82	1
27	7	1
27	43	0
27	94	0
27	13	1
27	58	1
27	3	1
27	8	1
27	55	1
27	32	0
27	63	1
27	95	1
27	27	0
27	6	1
27	59	1
27	23	1
27	24	0
27	5	0
27	65	1
27	17	1
27	12	1
27	73	0
27	85	1
27	100	0
27	69	1
27	9	1
27	39	1
27	60	1
27	71	1
27	77	1
27	14	1
27	19	0
27	2	1
27	25	1
27	46	1
27	21	1
27	22	0
27	53	1
27	47	0
27	1	0
27	30	1
27	67	0
27	84	1
27	31	1
27	87	0
27	61	1
28	58	1
28	41	1
28	92	1
28	27	0
28	61	0
28	80	0
28	47	1
28	97	0
28	76	0
28	36	0
28	57	1
28	52	1
28	10	0
28	49	1
28	30	0
28	99	1
28	86	1
28	68	0
28	20	1
28	101	1
28	94	1
28	32	0
28	93	0
28	85	1
28	1	1
28	82	1
28	59	1
28	84	0
28	89	1
28	77	0
28	62	1
28	38	1
28	43	1
28	11	1
28	71	1
28	26	0
28	95	1
28	69	1
28	100	1
28	7	1
28	55	0
28	54	1
28	18	1
28	0	1
28	67	1
28	87	0
28	5	1
28	83	0
28	44	1
28	9	1
29	98	1
29	20	0
29	22	0
29	73	0
29	95	0
29	75	0
29	51	1
29	86	0
29	67	0
29	35	0
29	40	1
29	92	1
29	7	1
29	0	1
29	52	1
29	17	1
29	54	0
29	23	1
29	64	0
29	81	1
29	5	0
29	101	1
29	1	1
29	58	1
29	91	1
29	38	0
29	87	0
29	83	0
29	9	1
29	97	1
29	6	0
29	48	1
29	77	0
29	28	1
29	43	1
29	76	1
29	70	0
29	15	1
29	26	0
29	57	0
29	61	1
29	90	0
29	99	1
29	36	0
29	42	0
29	84	1
29	68	1
29	25	1
29	30	1
29	49	0
30	68	0
30	73	0
30	66	0
30	5	1
30	75	1
30	60	1
30	101	1
30	77	0
30	44	1
30	18	1
30	80	0
30	42	1
30	31	0
30	67	1
30	28	1
30	38	0
30	50	1
30	71	0
30	30	1
30	54	1
30	62	1
30	48	1
30	52	1
30	79	1
30	91	0
30	19	0
30	39	0
30	33	1
30	72	1
30	82	0
30	45	1
30	32	0
30	49	0
30	35	1
30	74	1
30	93	1
30	53	0
30	59	1
30	29	0
30	12	1
30	20	0
30	40	0
30	1	1
30	95	1
30	4	0
30	92	0
30	27	0
30	46	0
30	47	1
30	17	0
31	18	0
31	70	0
31	8	1
31	89	1
31	34	1
31	54	1
31	24	1
31	45	0
31	41	0
31	28	1
31	2	1
31	82	0
31	0	0
31	15	1
31	86	0
31	9	0
31	83	0
31	93	0
31	21	1
31	63	1
31	4	1
31	7	1
31	97	1
31	91	1
31	1	0
31	78	1
31	52	0
31	55	1
31	69	0
31	6	0
31	77	1
31	44	0
31	84	1
31	90	0
31	48	1
31	11	0
31	40	1
31	61	0
31	66	1
31	20	0
31	33	1
31	92	0
31	3	1
31	27	1
31	67	0
31	71	0
31	26	1
31	5	0
31	81	1
31	46	1
32	67	0
32	45	0
32	36	0
32	63	1
32	49	0
32	39	1
32	47	1
32	14	0
32	46	1
32	12	1
32	70	0
32	32	0
32	61	0
32	34	0
32	52	0
32	88	0
32	35	0
32	19	0
32	95	0
32	59	0
32	0	1
32	85	0
32	30	1
32	72	1
32	92	1
32	94	0
32	43	0
32	82	1
32	5	0
32	27	0
32	99	0
32	26	1
32	1	0
32	62	0
32	25	1
32	37	0
32	84	0
32	7	0
32	53	0
32	87	0
32	38	1
32	10	0
32	17	1
32	16	0
32	29	0
32	71	0
32	68	1
32	69	1
32	23	1
32	90	1
33	54	0
33	64	1
33	26	1
33	83	0
33	18	0
33	78	1
33	9	1
33	47	0
33	10	0
33	79	0
33	65	1
33	101	0
33	81	1
33	58	0
33	86	1
33	11	0
33	21	1
33	7	0
33	59	1
33	12	1
33	22	0
33	27	1
33	17	1
33	62	0
33	50	0
33	32	0
33	33	0
33	98	0
33	63	1
33	74	1
33	76	1
33	35	1
33	5	1
33	73	0
33	3	0
33	29	1
33	61	0
33	87	0
33	57	1
33	71	0
33	6	1
33	94	1
33	49	0
33	0	1
33	95	1
33	99	0
33	30	1
33	4	1
33	42	0
33	97	1
34	66	0
34	93	1
34	17	1
34	0	0
34	12	1
34	83	0
34	39	0
34	40	1
34	60	1
34	29	1
34	71	1
34	79	0
34	81	1
34	3	1
34	70	0
34	31	1
34	94	0
34	80	1
34	50	1
34	58	0
34	54	1
34	96	0
34	1	0
34	37	1
34	86	0
34	22	0
34	100	1
34	72	1
34	63	1
34	19	0
34	97	1
34	57	1
34	35	0
34	24	1
34	36	0
34	4	1
34	25	1
34	84	0
34	65	0
34	42	1
34	15	0
34	62	0
34	27	0
34	13	1
34	7	0
34	55	1
34	73	0
34	78	0
34	20	1
34	52	0
35	2	1
35	71	1
35	64	0
35	92	1
35	26	1
35	17	1
35	93	1
35	42	1
35	77	1
35	74	1
35	21	1
35	68	1
35	57	0
35	12	1
35	13	0
35	78	0
35	28	0
35	101	1
35	48	1
35	69	0
35	87	1
35	16	0
35	88	1
35	35	0
35	63	1
35	96	0
35	18	0
35	72	1
35	79	0
35	33	1
35	14	0
35	44	1
35	97	1
35	98	1
35	84	1
35	55	1
35	61	0
35	4	1
35	41	1
35	34	1
35	38	1
35	31	1
35	73	0
35	60	0
35	19	0
35	20	1
35	0	1
35	24	0
35	62	0
35	82	1
36	36	0
36	83	0
36	26	0
36	30	0
36	89	0
36	38	0
36	64	0
36	18	0
36	96	0
36	63	1
36	56	0
36	85	1
36	21	1
36	100	0
36	67	1
36	49	0
36	80	1
36	45	0
36	20	1
36	93	1
36	10	0
36	32	0
36	15	0
36	78	0
36	72	1
36	84	1
36	12	1
36	69	0
36	57	1
36	92	1
36	27	0
36	97	0
36	31	0
36	99	1
36	58	0
36	41	1
36	34	1
36	4	1
36	23	1
36	44	0
36	95	0
36	90	0
36	91	0
36	79	0
36	66	0
36	39	0
36	77	0
36	42	1
36	62	0
36	29	1
37	83	0
37	37	1
37	15	0
37	73	0
37	14	0
37	74	1
37	0	1
37	25	1
37	1	0
37	22	0
37	26	1
37	41	0
37	69	0
37	8	0
37	6	1
37	43	0
37	39	0
37	5	1
37	81	0
37	34	0
37	64	0
37	63	0
37	23	1
37	42	0
37	75	1
37	85	0
37	4	1
37	10	1
37	48	0
37	101	1
37	95	1
37	60	1
37	76	1
37	12	0
37	47	1
37	32	0
37	55	1
37	28	0
37	46	1
37	61	1
37	35	1
37	20	1
37	97	1
37	89	0
37	94	0
37	19	0
37	24	1
37	59	0
37	71	1
37	29	1
38	6	1
38	79	0
38	53	1
38	90	0
38	44	0
38	41	1
38	95	0
38	47	0
38	73	0
38	55	1
38	39	0
38	68	1
38	61	0
38	78	0
38	9	1
38	94	0
38	45	0
38	77	1
38	75	0
38	32	0
38	86	1
38	91	1
38	29	1
38	30	1
38	88	1
38	54	0
38	89	0
38	17	1
38	76	1
38	13	1
38	26	1
38	51	1
38	99	0
38	15	0
38	60	1
38	83	0
38	52	0
38	19	0
38	14	0
38	1	0
38	8	1
38	36	0
38	56	0
38	64	1
38	31	1
38	84	0
38	100	0
38	96	0
38	67	0
38	87	0
39	67	0
39	24	1
39	74	0
39	98	0
39	11	0
39	50	0
39	77	1
39	53	1
39	37	0
39	78	0
39	87	1
39	15	1
39	41	1
39	17	0
39	7	1
39	52	0
39	4	1
39	76	0
39	61	0
39	39	0
39	36	1
39	57	1
39	68	0
39	79	1
39	2	1
39	65	1
39	83	0
39	29	0
39	46	0
39	43	1
39	66	1
39	54	1
39	93	1
39	23	0
39	81	1
39	89	1
39	14	1
39	91	1
39	13	1
39	3	1
39	72	1
39	1	0
39	40	1
39	90	0
39	84	1
39	32	0
39	86	1
39	35	1
39	18	0
39	94	1
40	94	1
40	80	1
40	58	0
40	21	0
40	35	1
40	25	1
40	62	0
40	17	1
40	6	1
40	83	1
40	10	0
40	70	0
40	41	0
40	30	1
40	8	1
40	64	1
40	37	0
40	96	1
40	71	0
40	18	1
40	16	0
40	28	1
40	15	0
40	89	1
40	13	1
40	51	0
40	34	1
40	101	0
40	27	1
40	44	0
40	54	0
40	45	1
40	33	1
40	87	1
40	98	1
40	48	0
40	39	0
40	19	0
40	38	1
40	53	0
40	9	1
40	29	1
40	91	1
40	92	0
40	46	0
40	12	0
40	55	0
40	77	0
40	79	1
40	52	1
41	51	0
41	61	0
41	73	0
41	84	0
41	89	0
41	39	0
41	37	0
41	65	1
41	5	0
41	64	1
41	66	1
41	92	0
41	100	0
41	82	1
41	72	0
41	86	1
41	12	1
41	68	0
41	25	1
41	83	0
41	36	1
41	79	1
41	101	1
41	87	1
41	99	1
41	94	0
41	29	1
41	41	0
41	24	1
41	2	0
41	63	1
41	50	1
41	28	1
41	15	1
41	98	1
41	30	0
41	93	1
41	20	0
41	44	1
41	9	0
41	21	0
41	78	1
41	46	0
41	26	1
41	4	1
41	17	0
41	95	1
41	96	1
41	88	0
41	33	0
21	8	1
21	21	0
21	6	0
21	26	0
21	30	0
21	16	0
21	4	0
21	28	1
21	12	1
21	15	1
21	43	0
21	23	0
21	14	0
21	36	1
21	41	1
21	10	0
21	35	1
21	29	0
21	25	0
21	50	1
21	0	0
21	42	0
21	45	1
21	47	1
21	20	0
21	22	1
21	37	0
21	7	0
21	40	1
21	34	1
21	5	1
21	32	1
21	39	1
21	1	1
21	24	0
21	2	0
21	27	1
21	38	0
21	49	0
21	31	1
21	9	1
21	3	0
21	18	1
21	48	1
21	44	0
21	46	1
21	13	0
21	11	0
21	33	1
21	19	0
22	32	1
22	40	0
22	25	0
22	13	1
22	26	1
22	0	0
22	46	0
22	5	1
22	7	1
22	36	1
22	23	0
22	22	1
22	43	0
22	35	1
22	10	1
22	47	1
22	30	0
22	6	0
22	15	1
22	37	1
22	2	0
22	19	1
22	8	0
22	24	0
22	3	1
22	38	0
22	17	0
22	42	1
22	1	1
22	48	1
22	41	1
22	50	0
22	21	1
22	16	0
22	20	0
22	33	0
22	49	1
22	9	0
22	29	0
22	4	0
22	18	1
22	11	1
22	39	0
22	34	0
22	45	1
22	28	0
22	14	1
22	44	0
22	31	0
22	27	1
23	48	1
23	45	0
23	35	0
23	16	0
23	32	0
23	26	1
23	27	0
23	49	1
23	3	0
23	41	1
23	5	0
23	14	1
23	21	1
23	30	1
23	1	0
23	19	0
23	34	1
23	43	1
23	50	1
23	38	1
23	47	0
23	23	1
23	31	1
23	39	1
23	44	1
23	6	1
23	22	0
23	0	0
23	42	1
23	29	0
23	9	0
23	13	1
23	40	1
23	25	0
23	28	0
23	36	0
23	24	0
23	15	1
23	11	1
23	17	1
23	10	1
23	20	1
23	46	1
23	2	1
23	33	0
23	37	1
23	4	1
23	8	1
23	7	0
23	12	0
24	11	0
24	18	0
24	50	0
24	1	0
24	29	1
24	14	0
24	33	1
24	31	1
24	9	1
24	17	1
24	28	0
24	27	0
24	42	1
24	20	1
24	46	1
24	13	1
24	25	1
24	26	1
24	22	0
24	21	1
24	41	0
24	34	1
24	49	0
24	40	1
24	3	1
24	48	0
24	38	0
24	44	0
24	12	1
24	43	0
24	6	1
24	36	0
24	10	0
24	16	0
24	8	1
24	47	0
24	19	0
24	5	0
24	35	0
24	37	1
24	2	1
24	15	0
24	45	0
24	24	0
24	30	1
24	32	0
24	7	0
24	23	1
24	4	1
24	0	1
25	26	1
25	0	1
25	9	1
25	47	1
25	2	1
25	49	0
25	44	0
25	50	0
25	19	1
25	33	1
25	35	0
25	12	1
25	11	0
25	15	0
25	14	0
25	13	1
25	1	0
25	25	1
25	34	1
25	31	1
25	40	1
25	28	0
25	8	1
25	45	0
25	42	1
25	4	1
25	23	1
25	30	1
25	5	0
25	18	0
25	36	0
25	32	0
25	27	0
25	22	0
25	7	1
25	16	0
25	3	1
25	43	0
25	48	0
25	20	1
25	37	0
25	10	0
25	39	1
25	6	1
25	17	1
25	41	0
25	24	0
25	21	1
25	29	1
25	46	1
26	23	0
26	36	1
26	39	1
26	2	0
26	42	0
26	38	0
26	30	1
26	32	1
26	3	0
26	14	1
26	31	1
26	27	1
26	12	0
26	34	1
26	1	1
26	9	1
26	41	0
26	35	1
26	17	0
26	29	0
26	15	0
26	49	0
26	21	1
26	19	0
26	47	0
26	26	1
26	28	0
26	13	1
26	5	1
26	22	1
26	20	0
26	43	0
26	24	0
26	46	1
26	10	0
26	45	1
26	8	1
26	44	0
26	18	0
26	40	1
26	33	1
26	50	0
26	0	1
26	37	1
26	48	1
26	7	0
26	25	1
26	16	0
26	11	0
26	4	0
27	44	1
27	20	1
27	22	0
27	11	1
27	18	1
27	38	0
27	4	1
27	17	1
27	45	0
27	48	0
27	43	0
27	37	0
27	10	1
27	33	1
27	15	0
27	47	0
27	30	1
27	24	0
27	49	0
27	7	1
27	21	1
27	36	0
27	0	1
27	29	1
27	5	0
27	35	1
27	27	0
27	23	1
27	41	0
27	46	1
27	9	1
27	25	1
27	32	0
27	3	1
27	34	1
27	6	1
27	42	1
27	50	0
27	19	0
27	16	0
27	8	1
27	26	1
27	39	1
27	12	1
27	31	1
27	13	1
27	40	1
27	14	1
27	1	0
27	28	0
28	36	0
28	11	1
28	33	0
28	29	0
28	45	1
28	43	1
28	9	1
28	38	1
28	0	1
28	22	1
28	13	1
28	12	1
28	37	0
28	23	1
28	42	0
28	41	1
28	16	1
28	35	1
28	24	1
28	27	0
28	2	0
28	40	0
28	15	0
28	1	1
28	17	0
28	31	1
28	7	1
28	32	0
28	26	0
28	49	1
28	47	1
28	25	0
28	18	1
28	30	0
28	5	1
28	28	0
28	21	0
28	48	1
28	34	1
28	4	0
28	46	0
28	14	1
28	10	0
28	39	0
28	19	1
28	3	1
28	20	1
28	8	1
28	50	1
28	44	1
29	11	1
29	13	0
29	2	0
29	4	0
29	28	1
29	12	1
29	39	0
29	48	1
29	49	0
29	33	1
29	35	0
29	44	0
29	43	1
29	20	0
29	32	0
29	46	1
29	16	0
29	47	1
29	6	0
29	14	0
29	50	1
29	0	1
29	37	1
29	8	1
29	27	1
29	40	1
29	30	1
29	42	0
29	29	1
29	5	0
29	19	0
29	24	0
29	3	0
29	15	1
29	1	1
29	10	1
29	17	1
29	41	1
29	9	1
29	38	0
29	26	0
29	22	0
29	25	1
29	23	1
29	36	0
29	31	0
29	45	0
29	18	1
29	21	1
29	7	1
30	37	0
30	32	0
30	15	0
30	17	0
30	9	1
30	20	0
30	8	1
30	26	0
30	11	1
30	5	1
30	29	0
30	33	1
30	41	0
30	24	1
30	22	0
30	7	1
30	27	0
30	28	1
30	44	1
30	46	0
30	47	1
30	10	1
30	14	0
30	40	0
30	2	0
30	43	0
30	48	1
30	39	0
30	4	0
30	25	0
30	6	0
30	38	0
30	19	0
30	34	1
30	45	1
30	23	1
30	21	1
30	50	1
30	42	1
30	12	1
30	0	0
30	1	1
30	16	1
30	31	0
30	49	0
30	18	1
30	35	1
30	13	0
30	36	0
30	3	1
31	22	1
31	40	1
31	21	1
31	49	1
31	19	0
31	13	0
31	43	1
31	45	0
31	46	1
31	35	0
31	11	0
31	5	0
31	36	1
31	28	1
31	39	0
31	25	0
31	27	1
31	10	0
31	26	1
31	9	0
31	12	1
31	16	0
31	1	0
31	24	1
31	20	0
31	0	0
31	30	1
31	4	1
31	48	1
31	29	0
31	7	1
31	33	1
31	41	0
31	23	0
31	14	0
31	2	1
31	42	0
31	31	0
31	38	1
31	44	0
31	18	0
31	8	1
31	15	1
31	17	0
31	32	0
31	47	1
31	50	0
31	3	1
31	6	0
31	34	1
32	37	0
32	32	0
32	28	1
32	24	0
32	45	0
32	33	0
32	10	0
32	25	1
32	36	0
32	35	0
32	26	1
32	43	0
32	31	1
32	11	0
32	30	1
32	44	0
32	20	0
32	34	0
32	23	1
32	6	1
32	0	1
32	50	0
32	13	0
32	27	0
32	21	1
32	14	0
32	41	1
32	16	0
32	38	1
32	22	1
32	9	1
32	48	0
32	46	1
32	1	0
32	3	1
32	5	0
32	7	0
32	49	0
32	2	0
32	29	0
32	19	0
32	12	1
32	4	1
32	39	1
32	18	1
32	40	1
32	15	0
32	17	1
32	42	1
32	8	0
33	0	1
33	1	0
33	8	1
33	34	0
33	13	1
33	37	0
33	6	1
33	14	1
33	26	1
33	19	1
33	45	0
33	24	0
33	27	1
33	49	0
33	21	1
33	33	0
33	50	0
33	31	1
33	43	1
33	18	0
33	25	1
33	29	1
33	47	0
33	44	1
33	32	0
33	2	1
33	12	1
33	42	0
33	4	1
33	46	1
33	15	0
33	5	1
33	38	1
33	28	0
33	17	1
33	11	0
33	22	0
33	20	0
33	40	1
33	16	0
33	30	1
33	35	1
33	10	0
33	7	0
33	23	1
33	3	0
33	48	0
33	9	1
33	36	0
33	41	0
34	42	1
34	47	0
34	30	1
34	20	1
34	46	1
34	19	0
34	10	0
34	36	0
34	17	1
34	13	1
34	3	1
34	31	1
34	5	0
34	16	0
34	23	1
34	38	0
34	2	1
34	4	1
34	28	0
34	0	0
34	26	1
34	6	1
34	9	1
34	8	1
34	39	0
34	33	0
34	15	0
34	25	1
34	27	0
34	50	1
34	41	0
34	11	0
34	37	1
34	32	0
34	1	0
34	29	1
34	12	1
34	44	0
34	7	0
34	40	1
34	18	0
34	14	0
34	34	0
34	43	0
34	21	1
34	24	1
34	48	0
34	49	1
34	35	0
34	45	0
35	43	0
35	38	1
35	5	0
35	44	1
35	36	1
35	35	0
35	24	0
35	31	1
35	49	0
35	14	0
35	22	0
35	37	1
35	19	0
35	17	1
35	45	0
35	46	1
35	34	1
35	20	1
35	26	1
35	4	1
35	40	1
35	23	1
35	18	0
35	11	0
35	1	0
35	2	1
35	42	1
35	16	0
35	6	0
35	13	0
35	27	0
35	48	1
35	28	0
35	32	0
35	15	0
35	7	1
35	50	1
35	10	0
35	47	1
35	3	1
35	12	1
35	30	1
35	29	0
35	8	1
35	33	1
35	39	0
35	21	1
35	0	1
35	9	0
35	41	1
36	18	0
36	26	0
36	31	0
36	8	0
36	12	1
36	10	0
36	23	1
36	35	0
36	28	0
36	16	1
36	0	1
36	15	0
36	40	0
36	4	1
36	36	0
36	25	0
36	7	0
36	20	1
36	43	0
36	22	0
36	29	1
36	6	1
36	38	0
36	14	1
36	44	0
36	2	1
36	24	0
36	32	0
36	37	1
36	19	0
36	34	1
36	13	0
36	46	0
36	9	0
36	1	1
36	3	0
36	5	0
36	11	0
36	49	0
36	48	1
36	42	1
36	45	0
36	39	0
36	27	0
36	30	0
36	41	1
36	21	1
36	33	1
36	47	0
36	50	0
37	48	0
37	28	0
37	8	0
37	13	0
37	16	1
37	23	1
37	10	1
37	38	0
37	18	0
37	32	0
37	11	0
37	17	0
37	33	1
37	9	1
37	25	1
37	44	1
37	15	0
37	34	0
37	12	0
37	20	1
37	29	1
37	24	1
37	37	1
37	2	0
37	41	0
37	4	1
37	39	0
37	7	0
37	36	0
37	40	1
37	5	1
37	26	1
37	45	0
37	0	1
37	1	0
37	47	1
37	22	0
37	50	1
37	14	0
37	31	0
37	42	0
37	49	1
37	35	1
37	27	0
37	21	0
37	30	0
37	19	0
37	46	1
37	43	0
37	6	1
38	30	1
38	45	0
38	1	0
38	44	0
38	21	0
38	12	0
38	2	1
38	31	1
38	10	0
38	47	0
38	13	1
38	23	0
38	40	1
38	6	1
38	43	0
38	4	1
38	17	1
38	39	0
38	20	1
38	27	0
38	29	1
38	7	0
38	42	0
38	33	0
38	25	1
38	15	0
38	18	0
38	0	1
38	14	0
38	36	0
38	8	1
38	38	0
38	5	0
38	11	0
38	34	1
38	32	0
38	19	0
38	16	0
38	50	0
38	41	1
38	9	1
38	49	0
38	28	0
38	24	0
38	48	0
38	26	1
38	35	1
38	22	0
38	46	1
38	37	1
39	42	1
39	34	0
39	10	0
39	49	0
39	12	0
39	18	0
39	27	0
39	1	0
39	23	0
39	29	0
39	47	0
39	50	0
39	4	1
39	14	1
39	8	0
39	16	0
39	35	1
39	31	0
39	19	1
39	44	0
39	13	1
39	43	1
39	38	1
39	39	0
39	7	1
39	17	0
39	25	0
39	37	0
39	5	0
39	33	1
39	45	0
39	36	1
39	26	1
39	21	1
39	3	1
39	41	1
39	30	1
39	20	0
39	0	1
39	15	1
39	22	0
39	46	0
39	32	0
39	24	1
39	9	0
39	48	1
39	2	1
39	40	1
39	11	0
39	28	1
40	7	0
40	44	0
40	0	0
40	43	1
40	25	1
40	38	1
40	30	1
40	4	0
40	2	0
40	11	0
40	6	1
40	41	0
40	16	0
40	3	0
40	37	0
40	50	0
40	20	0
40	22	0
40	27	1
40	21	0
40	26	0
40	14	0
40	17	1
40	29	1
40	13	1
40	47	1
40	40	1
40	49	1
40	39	0
40	28	1
40	8	1
40	45	1
40	31	1
40	23	1
40	34	1
40	33	1
40	19	0
40	12	0
40	36	1
40	9	1
40	42	1
40	5	1
40	32	1
40	24	0
40	10	0
40	18	1
40	15	0
40	1	1
40	35	1
40	46	0
41	46	0
41	7	1
41	49	0
41	25	1
41	40	0
41	21	0
41	3	0
41	26	1
41	22	0
41	12	1
41	42	1
41	28	1
41	45	1
41	20	0
41	43	0
41	17	0
41	13	1
41	10	0
41	37	0
41	4	1
41	32	0
41	9	0
41	16	1
41	41	0
41	30	0
41	6	1
41	0	0
41	24	1
41	2	0
41	47	1
41	18	1
41	35	1
41	33	0
41	19	1
41	39	0
41	5	0
41	48	1
41	15	1
41	8	1
41	44	1
41	36	1
41	38	0
41	34	0
41	50	1
41	11	1
41	14	1
41	1	1
41	27	1
41	29	1
41	23	1
5	51	1
1	51	0
3	52	0
18	52	0
20	53	0
1	53	0
17	54	0
16	54	1
5	55	0
9	55	0
9	56	1
18	56	0
4	57	1
20	57	1
9	58	1
12	58	0
20	59	1
18	59	0
11	60	1
16	60	1
17	61	0
13	61	0
1	62	1
3	62	0
15	63	1
2	63	0
4	64	1
18	64	1
6	65	1
15	65	1
8	66	1
0	66	1
11	67	0
9	67	1
18	68	0
14	68	1
11	69	1
6	69	1
16	70	0
14	70	0
6	71	1
11	71	0
19	72	0
8	72	1
19	73	0
14	73	0
11	74	1
0	74	0
13	75	1
17	75	0
13	76	1
14	76	0
17	77	1
19	77	0
8	78	1
14	78	0
14	79	0
10	79	1
10	80	0
12	80	1
7	81	0
1	81	0
13	82	1
4	82	1
1	83	1
14	83	0
1	84	0
13	84	0
14	85	1
0	85	1
7	86	1
14	86	0
14	87	1
9	87	0
13	88	1
9	88	0
9	89	0
20	89	0
12	90	1
7	90	0
9	91	0
11	91	1
4	92	0
14	92	1
0	93	0
13	93	1
19	94	1
18	94	1
5	95	0
18	95	0
5	96	1
13	96	0
18	97	0
9	97	0
14	98	1
13	98	0
3	99	0
4	99	0
20	100	0
0	100	0
4	101	0
3	101	0